---
build/css/polyfills/css-filters-polyfill/examples/assets/browserlogos/chrome.png: 2015-10-01
  01:00:18.000000000 -07:00
build/css/polyfills/css-filters-polyfill/examples/assets/browserlogos/firefox.png: 2015-10-01
  01:00:18.000000000 -07:00
build/css/polyfills/css-filters-polyfill/examples/assets/browserlogos/ie.png: 2015-10-01
  01:00:18.000000000 -07:00
build/css/polyfills/css-filters-polyfill/examples/assets/browserlogos/ios.png: 2015-10-01
  01:00:18.000000000 -07:00
build/css/polyfills/css-filters-polyfill/examples/assets/browserlogos/opera.png: 2015-10-01
  01:00:18.000000000 -07:00
build/css/polyfills/css-filters-polyfill/examples/assets/browserlogos/safari.png: 2015-10-01
  01:00:18.000000000 -07:00
build/css/polyfills/css-filters-polyfill/examples/assets/picture-small.jpg: 2015-10-01
  01:00:18.000000000 -07:00
build/css/polyfills/css-filters-polyfill/examples/assets/picture.jpg: 2015-10-01 01:00:19.000000000
  -07:00
build/img/Alameda-Whipsnake.png: 2015-10-01 01:27:02.000000000 -07:00
build/img/Ash-Throated-Flycatcher.png: 2015-10-01 01:27:02.000000000 -07:00
build/img/Brewers-Calandrinia.png: 2015-10-01 01:27:02.000000000 -07:00
build/img/California-Thrasher.png: 2015-10-01 01:27:02.000000000 -07:00
build/img/Chamise.png: 2015-10-01 01:27:02.000000000 -07:00
build/img/CharcoalBeetle.png: 2015-10-01 01:27:02.000000000 -07:00
build/img/Fire-Poppy.png: 2015-10-01 01:27:02.000000000 -07:00
build/img/Fremont-Star-Lily.png: 2015-10-01 01:27:02.000000000 -07:00
build/img/Kellogs-Snapdragon.png: 2015-10-01 01:27:03.000000000 -07:00
build/img/Morning-Glory.png: 2015-10-01 01:27:03.000000000 -07:00
build/img/Mt-Diablo-Fairy-Lantern.png: 2015-10-01 01:27:03.000000000 -07:00
build/img/overlay_0000_Whispering-Bells.png: 2015-10-01 01:02:36.000000000 -07:00
build/img/overlay_0001_Tarantula.png: 2015-10-01 01:02:37.000000000 -07:00
build/img/overlay_0002_Poppy.png: 2015-10-01 01:02:38.000000000 -07:00
build/img/overlay_0003_Pocket-Mouse.png: 2015-10-01 01:02:38.000000000 -07:00
build/img/overlay_0004_Mt-Diablo-Fairy-Lantern.png: 2015-10-01 01:02:38.000000000
  -07:00
build/img/overlay_0005_Morning-Glory.png: 2015-10-01 01:02:36.000000000 -07:00
build/img/overlay_0006_Kellogs-Snapdragon.png: 2015-10-01 01:02:37.000000000 -07:00
build/img/overlay_0007_Fremont-Star-Lily.png: 2015-10-01 01:02:37.000000000 -07:00
build/img/overlay_0008_Fire-Poppy.png: 2015-10-01 01:04:53.000000000 -07:00
build/img/overlay_0009_CharcoalBeetle.png: 2015-10-01 01:05:06.000000000 -07:00
build/img/overlay_0010_Chamise.png: 2015-10-01 01:04:49.000000000 -07:00
build/img/overlay_0011_California-Thrasher.png: 2015-10-01 01:04:59.000000000 -07:00
build/img/overlay_0012_Brewers-Calandrinia.png: 2015-10-01 01:04:59.000000000 -07:00
build/img/overlay_0013_Ash-Throated-Flycatcher.png: 2015-10-01 01:04:59.000000000
  -07:00
build/img/overlay_0014_Alameda-Whipsnake.png: 2015-10-01 01:04:59.000000000 -07:00
build/img/Pocket-Mouse.png: 2015-10-01 01:27:03.000000000 -07:00
build/img/Poppy.png: 2015-10-01 01:27:03.000000000 -07:00
build/img/spread.jpg: 2015-10-01 01:27:04.000000000 -07:00
build/img/Tarantula.png: 2015-10-01 01:27:03.000000000 -07:00
build/img/Whispering-Bells.png: 2015-10-01 01:27:03.000000000 -07:00
