---
build/img/Alameda-Whipsnake.png: 2015-10-01 01:27:02.000000000 -07:00
build/img/Ash-Throated-Flycatcher.png: 2015-10-01 01:27:02.000000000 -07:00
build/img/bnLogo.png: 2015-10-01 20:41:56.000000000 -07:00
build/img/Brewers-Calandrinia.png: 2015-10-01 01:27:02.000000000 -07:00
build/img/California-Thrasher.png: 2015-10-01 01:27:02.000000000 -07:00
build/img/Chamise.png: 2015-10-01 01:27:02.000000000 -07:00
build/img/CharcoalBeetle.png: 2015-10-01 01:27:02.000000000 -07:00
build/img/clr-ash.png: 2015-10-01 20:41:54.000000000 -07:00
build/img/clr-brewers.png: 2015-10-01 20:41:57.000000000 -07:00
build/img/clr-snake.png: 2015-10-01 20:41:57.000000000 -07:00
build/img/clr-trasher.png: 2015-10-01 20:41:54.000000000 -07:00
build/img/Fire-Poppy.png: 2015-10-01 01:27:02.000000000 -07:00
build/img/Fremont-Star-Lily.png: 2015-10-01 01:27:02.000000000 -07:00
build/img/Kellogs-Snapdragon.png: 2015-10-01 01:27:03.000000000 -07:00
build/img/Morning-Glory.png: 2015-10-01 01:27:03.000000000 -07:00
build/img/Mt-Diablo-Fairy-Lantern.png: 2015-10-01 01:27:03.000000000 -07:00
build/img/overlay_0000_Whispering-Bells.png: 2015-10-01 01:02:36.000000000 -07:00
build/img/overlay_0001_Tarantula.png: 2015-10-01 01:02:37.000000000 -07:00
build/img/overlay_0002_Poppy.png: 2015-10-01 01:02:38.000000000 -07:00
build/img/overlay_0003_Pocket-Mouse.png: 2015-10-01 01:02:38.000000000 -07:00
build/img/overlay_0004_Mt-Diablo-Fairy-Lantern.png: 2015-10-01 01:02:38.000000000
  -07:00
build/img/overlay_0005_Morning-Glory.png: 2015-10-01 01:02:36.000000000 -07:00
build/img/overlay_0006_Kellogs-Snapdragon.png: 2015-10-01 01:02:37.000000000 -07:00
build/img/overlay_0007_Fremont-Star-Lily.png: 2015-10-01 01:02:37.000000000 -07:00
build/img/overlay_0008_Fire-Poppy.png: 2015-10-01 01:04:53.000000000 -07:00
build/img/overlay_0009_CharcoalBeetle.png: 2015-10-01 01:05:06.000000000 -07:00
build/img/overlay_0010_Chamise.png: 2015-10-01 01:04:49.000000000 -07:00
build/img/overlay_0011_California-Thrasher.png: 2015-10-01 01:04:59.000000000 -07:00
build/img/overlay_0012_Brewers-Calandrinia.png: 2015-10-01 01:04:59.000000000 -07:00
build/img/overlay_0013_Ash-Throated-Flycatcher.png: 2015-10-01 01:04:59.000000000
  -07:00
build/img/overlay_0014_Alameda-Whipsnake.png: 2015-10-01 01:04:59.000000000 -07:00
build/img/panelOne.png: 2015-10-01 20:42:04.000000000 -07:00
build/img/panelThree.png: 2015-10-01 20:42:04.000000000 -07:00
build/img/panelTwo.png: 2015-10-01 20:42:08.000000000 -07:00
build/img/Pocket-Mouse.png: 2015-10-01 01:27:03.000000000 -07:00
build/img/Poppy.png: 2015-10-01 01:27:03.000000000 -07:00
build/img/spread.jpg: 2015-10-01 01:27:04.000000000 -07:00
build/img/Tarantula.png: 2015-10-01 01:27:03.000000000 -07:00
build/img/Whispering-Bells.png: 2015-10-01 01:27:03.000000000 -07:00
